name: etabs_py39
channels:
  - conda-forge
  - defaults
dependencies:
  - bzip2=1.0.8=h2466b09_7
  - ca-certificates=2025.4.26=h4c7d964_0
  - glib=2.84.1=h3d4babf_0
  - glib-tools=2.84.1=h4394cf3_0
  - gst-plugins-base=1.24.11=h3fe0a9e_0
  - gstreamer=1.24.11=h233a61a_0
  - icu=75.1=he0c23c2_0
  - krb5=1.21.3=hdf4eb48_0
  - libclang13=20.1.3=default_h6e92b77_0
  - libffi=3.4.6=h537db12_1
  - libglib=2.84.1=h7025463_0
  - libiconv=1.18=h135ad9c_1
  - libintl=0.22.5=h5728263_3
  - libintl-devel=0.22.5=h5728263_3
  - libjpeg-turbo=3.1.0=h2466b09_0
  - libogg=1.3.5=h2466b09_1
  - libpng=1.6.47=h7a4582a_0
  - libsqlite=3.49.1=h67fdade_2
  - libvorbis=1.3.7=h0e60522_0
  - libxml2=2.13.7=h442d1da_1
  - libxslt=1.1.39=h3df6e99_0
  - libzlib=1.3.1=h2466b09_2
  - openssl=3.5.0=ha4e3fda_0
  - packaging=25.0=pyh29332c3_1
  - pcre2=10.44=h3d7b363_2
  - pip=25.0=py39haa95532_0
  - pyside2=5.15.15=py39h0285922_0
  - python=3.9.21=h8205438_1
  - python_abi=3.9=2_cp39
  - qt-main=5.15.15=h9151539_3
  - setuptools=75.8.0=py39haa95532_0
  - sqlite=3.45.3=h2bbff1b_0
  - ucrt=10.0.22621.0=h57928b3_1
  - vc=14.42=haa95532_5
  - vc14_runtime=14.42.34438=hfd919c2_26
  - vs2015_runtime=14.42.34438=h7142326_26
  - wheel=0.45.1=py39haa95532_0
  - zstd=1.5.7=hbeecb71_2
  - pip:
      - cffi==1.17.1
      - clr-loader==0.2.7.post0
      - comtypes==1.4.10
      - et-xmlfile==2.0.0
      - etabs-api==1.2
      - numpy==2.0.2
      - openpyxl==3.1.5
      - pandas==2.2.3
      - psutil==7.0.0
      - pycparser==2.22
      - python-dateutil==2.9.0.post0
      - pythonnet==3.0.5
      - pytz==2025.2
      - six==1.17.0
      - tzdata==2025.2
prefix: d:\anaconda3\envs\etabs_py39
